0.000000	0.000000
0.450486	0.450486	
0.945387	0.945387	
1.389528	1.389528	
1.824153	1.824153	
2.258777	2.258777	
2.715608	2.715608	
3.172439	3.172439	
3.603891	3.603891	
4.057550	4.057550	
4.542933	4.542933	
5.291629	5.291629	
5.926117	5.926117	
6.611363	6.611363	
7.258541	7.258541	
7.867649	7.867649	
8.552896	8.552896	
9.060486	9.060486	
9.720354	9.720354	
10.519809	10.519809	
11.116227	11.116227	
12.169477	12.169477	
12.842034	12.842034	
13.539971	13.539971	
14.085630	14.085630	
14.491703	14.491703	
15.062742	15.062742	
15.481504	15.481504	
16.014473	16.014473	
16.509374	16.509374	
17.004274	17.004274	
17.549934	17.549934	
17.994075	17.994075	
18.488976	18.488976	
18.996566	18.996566	
19.504157	19.504157	
19.897539	19.897539	
20.519337	20.519337	
20.950789	20.950789	
21.331482	21.331482	
22.549698	22.549698	
23.006529	23.006529	
23.463361	23.463361	
23.945571	23.945571	
24.377023	24.377023	
24.732336	24.732336	
25.328755	25.328755	
25.823656	25.823656	
26.255107	26.255107	
26.711938	26.711938	
27.219529	27.219529	
27.752499	27.752499	
28.247399	28.247399	
28.869197	28.869197	
29.402167	29.402167	
29.744790	29.744790	
30.569625	30.569625	
31.648254	31.648254	
32.105085	32.105085	
32.574606	32.574606	
33.069507	33.069507	
33.564407	33.564407	
34.059308	34.059308	
34.604967	34.604967	
35.112558	35.112558	
35.607458	35.607458	
36.153118	36.153118	
36.584569	36.584569	
37.130229	37.130229	
37.574370	37.574370	
38.272307	38.272307	
38.805277	38.805277	
39.541283	39.541283	
40.048873	40.048873	
40.772189	40.772189	
41.470126	41.470126	
41.939647	41.939647	
42.463099	42.463099	
42.850137	42.850137	
43.332348	43.332348	
43.868490	43.868490	
44.328494	44.328494	
44.817049	44.817049	
45.350019	45.350019	
46.187543	46.187543	
46.834721	46.834721	
47.535830	47.535830	
48.411423	48.411423	
49.134739	49.134739	
50.200679	50.200679	
51.177790	51.177790	
52.294489	52.294489	
53.132013	53.132013	
54.020296	54.020296	
54.921268	54.921268	
55.834931	55.834931	
57.091217	57.091217	
57.954120	57.954120	
58.931232	58.931232	
60.098689	60.098689	
60.999662	60.999662	
62.027532	62.027532	
62.700089	62.700089	
63.892927	63.892927	
64.908107	64.908107	
65.669492	65.669492	
66.836950	66.836950	
67.852131	67.852131	
68.918070	68.918070	
70.022079	70.022079	
71.138778	71.138778	
71.988991	71.988991	
73.080311	73.080311	
74.006663	74.006663	
75.059913	75.059913	
76.392337	76.392337	
77.102964	77.102964	
78.219662	78.219662	
79.514017	79.514017	
80.516508	80.516508	
81.582448	81.582448	
82.661077	82.661077	
83.739706	83.739706	
84.792956	84.792956	
85.770068	85.770068	
86.899456	86.899456	
88.066914	88.066914	
89.069404	89.069404	
90.198793	90.198793	
90.922109	90.922109	
92.102256	92.102256	
92.889021	92.889021	
93.663096	93.663096	
94.703657	94.703657	
95.465042	95.465042	
96.429463	96.429463	
97.355816	97.355816	
98.256788	98.256788	
99.183141	99.183141	
99.995285	99.995285	
100.680532	100.680532	
101.594195	101.594195	
102.482478	102.482478	
103.205794	103.205794	
104.208285	104.208285	
104.956980	104.956980	
105.769125	105.769125	
106.505131	106.505131	
107.190377	107.190377	
108.167489	108.167489	
109.144600	109.144600	
110.895786	110.895786	
111.910967	111.910967	
112.659663	112.659663	
113.573325	113.573325	
114.525057	114.525057	
115.413340	115.413340	
116.212795	116.212795	
117.088388	117.088388	
117.672117	117.672117	
118.623848	118.623848	
119.321785	119.321785	
120.171999	120.171999	
120.781107	120.781107	
122.050083	122.050083	
122.887607	122.887607	
123.813959	123.813959	
124.727622	124.727622	
125.666664	125.666664	
126.478808	126.478808	
127.379781	127.379781	
128.039648	128.039648	
128.712205	128.712205	
129.600488	129.600488	
130.336494	130.336494	
131.021741	131.021741	
131.897334	131.897334	
133.128241	133.128241	
133.838867	133.838867	
134.460665	134.460665	
135.222051	135.222051	
135.970746	135.970746	
136.643303	136.643303	
137.391999	137.391999	
138.102625	138.102625	
138.940149	138.940149	
139.904571	139.904571	
140.627887	140.627887	
141.427342	141.427342	
142.176037	142.176037	
142.924733	142.924733	
143.533841	143.533841	
144.472883	144.472883	
145.183510	145.183510	
145.944895	145.944895	
146.630142	146.630142	
147.416907	147.416907	
148.229052	148.229052	
148.888919	148.888919	
149.612235	149.612235	
150.221343	150.221343	
150.919280	150.919280	
151.604527	151.604527	
152.277084	152.277084	
152.822744	152.822744	
153.647578	153.647578	
154.218617	154.218617	
154.840415	154.840415	
155.500282	155.500282	
156.223598	156.223598	
156.807327	156.807327	
157.517954	157.517954	
158.114372	158.114372	
158.786929	158.786929	
159.434107	159.434107	
160.157423	160.157423	
160.906119	160.906119	
161.515227	161.515227	
162.124335	162.124335	
162.746134	162.746134	
163.355242	163.355242	
164.027799	164.027799	
164.674977	164.674977	
165.550570	165.550570	
166.210437	166.210437	
166.946443	166.946443	
167.466723	167.466723	
167.987003	167.987003	
168.799148	168.799148	
169.370187	169.370187	
170.080813	170.080813	
170.626473	170.626473	
171.311720	171.311720	
172.238072	172.238072	
173.316701	173.316701	
174.027328	174.027328	
174.674505	174.674505	
175.385132	175.385132	
176.057689	176.057689	
176.603348	176.603348	
177.225146	177.225146	
178.088050	178.088050	
178.722538	178.722538	
179.293577	179.293577	
179.889995	179.889995	
180.689450	180.689450	
181.247799	181.247799	
181.894977	181.894977	
182.656362	182.656362	
183.303540	183.303540	
183.988787	183.988787	
184.800931	184.800931	
185.968389	185.968389	
186.945500	186.945500	
187.960681	187.960681	
188.645928	188.645928	
189.293105	189.293105	
190.041801	190.041801	
190.727048	190.727048	
191.374225	191.374225	
192.148301	192.148301	
192.744719	192.744719	
193.429966	193.429966	
194.178662	194.178662	
194.800460	194.800460	
195.561845	195.561845	
196.297851	196.297851	
197.071926	197.071926	
197.998279	197.998279	
198.594697	198.594697	
199.165736	199.165736	
199.990570	199.990570	
201.094579	201.094579	
201.792516	201.792516	
202.452383	202.452383	
203.251838	203.251838	
204.051293	204.051293	
204.901506	204.901506	
205.548684	205.548684	
206.424277	206.424277	
207.109524	207.109524	
207.985117	207.985117	
208.848021	208.848021	
209.520578	209.520578	
210.231204	210.231204	
211.005279	211.005279	
211.614388	211.614388	
212.350394	212.350394	
213.086400	213.086400	
213.733577	213.733577	
214.456893	214.456893	
215.459384	215.459384	
216.360357	216.360357	
216.982155	216.982155	
217.629333	217.629333	
218.644513	218.644513	
219.570865	219.570865	
220.294182	220.294182	
220.915980	220.915980	
221.690055	221.690055	
222.349922	222.349922	
223.098618	223.098618	
224.139178	224.139178	
225.090910	225.090910	
225.649259	225.649259	
226.588301	226.588301	
227.400445	227.400445	
228.187210	228.187210	
228.770939	228.770939	
229.532325	229.532325	
230.509436	230.509436	
231.118544	231.118544	
231.803791	231.803791	
232.362140	232.362140	
233.060077	233.060077	
233.669185	233.669185	
234.341743	234.341743	
234.849333	234.849333	
235.382303	235.382303	
235.940652	235.940652	
236.486311	236.486311	
237.082730	237.082730	
237.641079	237.641079	
238.135980	238.135980	
238.719709	238.719709	
239.379576	239.379576	
239.887166	239.887166	
240.496275	240.496275	
241.067314	241.067314	
241.727181	241.727181	
242.272841	242.272841	
242.818500	242.818500	
243.617955	243.617955	
244.353961	244.353961	
244.848861	244.848861	
245.267623	245.267623	
245.737144	245.737144	
246.358942	246.358942	
246.866533	246.866533	
247.336054	247.336054	
247.729436	247.729436	
248.363924	248.363924	
248.846135	248.846135	
249.315656	249.315656	
249.861315	249.861315	
250.406975	250.406975	
250.914565	250.914565	
251.460225	251.460225	
252.018574	252.018574	
253.135273	253.135273	
253.757071	253.757071	
254.186936	254.186936	
254.645354	254.645354	
255.183082	255.183082	
256.523438	256.523438	
256.978286	256.978286	
257.458911	257.459307	
258.077933	258.077933	
258.534764	258.534764	
259.078838	259.078838	
259.637187	259.637187	
260.160639	260.160639	
260.725334	260.725334	
261.413753	261.413753	
261.851550	261.851550	
262.309967	262.309967	
262.871489	262.871489	
263.464735	263.464735	
264.016739	264.016739	
264.533847	264.533847	
265.168335	265.168335	
265.764753	265.764753	
266.307240	266.307240	
266.751382	266.751382	
267.408077	267.408077	
267.861736	267.861736	
268.502568	268.502568	
269.302023	269.302023	
270.307686	270.307686	
271.227694	271.227694	
271.963700	271.963700	
272.655291	272.655291	
273.378608	273.378608	
274.025785	274.025785	
274.644411	274.644411	
275.266209	275.266209	
276.014905	276.014905	
276.687462	276.687462	
277.296570	277.296570	
277.791471	277.791471	
278.311751	278.311751	
278.857410	278.857410	
279.631485	279.631485	
280.494389	280.494389	
281.090807	281.090807	
281.534949	281.534949	
282.182126	282.182126	
282.689717	282.689717	
283.603379	283.603379	
284.923114	284.923114	
285.697189	285.697189	
286.382436	286.382436	
286.877337	286.877337	
287.448376	287.448376	
288.146312	288.146312	
288.691972	288.691972	
289.177355	289.177355	
289.605634	289.605634	
290.113225	290.113225	
290.627160	290.627160	
291.064956	291.064956	
291.557478	291.557478	
291.921515	291.921515	
292.598038	292.598038	
293.105628	293.105628	
293.638598	293.638598	
294.425363	294.425363	
295.354094	295.354094	
295.988582	295.988582	
296.914934	296.914934	
297.866666	297.866666	
298.767639	298.767639	
299.300609	299.300609	
300.341169	300.341169	
302.244632	302.244632	
302.777602	302.777602	
303.310572	303.310572	
303.868921	303.868921	
304.452650	304.452650	
304.922171	304.922171	
305.467831	305.467831	
306.102318	306.102318	
306.559150	306.559150	
307.193638	307.193638	
307.777366	307.777366	
308.361095	308.361095	
308.881375	308.881375	
309.503173	309.503173	
310.378767	310.378767	
311.470086	311.470086	
312.256851	312.256851	
312.980167	312.980167	
313.957278	313.957278	
